$ANSIBLE_VAULT;1.1;AES256
63633437313161343366663364666333356335303762386562306130323733393031623531336164
3966316165633236376532376565303532613363633639300a363262323230393635663233353739
31636639336330323762343637386433346164616135326430343635303939623737323138613431
6263663039636133620a373533326264316139656234303634666263653264643265656230333739
39616463323736303365646661333737613161633930343161613235646234353730623438623665
34616232333737353736633866643865613161356161653535666637343336333361653738306566
31383531323163356330663139616461316164303632333939666235396165623232376562646461
63636166653936653963313036646337376534643730343065303935663563313561633362393865
64393530613735633836653566613431323661333530386161333833646234663735636136353436
34663133363039633662316565313332636165336661646561663066346331306339643232356364
64653334376263313732353164306365633634623433373966323532363238386161313965343834
66316663316662656234303439386130353531313933623031646432613465613966626335326362
37656665373762333834333361373236363539383730336532613735303032323666653031333731
63333564366239306337353234353965393234636430353235623137636632353166613138306634
37613430646632306664613966313864633333663435393064393261616435633033353265356339
63353061613765366437396232333630393564363164353063306361646265623138343964663832
64313262383065353763386431333230363438353834376561333434633630326535323136633565
61386139313562633332363233376362326663373432653934663164646335316134333165626537
65376530663161613437623736383531383764333634666433613162343262623138626336363361
33353637343333323666643030336261656265633962663336306138373465366466326535303330
65386536333934656237313838653339313832366664346636326235363135653865343566373133
30396161366130323335656166316335353137346565346662323463346337393232356638633131
62623263626235666566646333653364646463616432393062353835303130643330366133363466
64353831626534636633346263656436336632303734663231376430306638383234316635643437
38653636363132653461346230303639316465626163306637643765626334316165313139666535
63646236643135366165666138636134633630323366313238313539353162653333353463373232
33366566353836303162346631383936373363313138363536346662633138646630653031333636
31303334643837383331
