$ANSIBLE_VAULT;1.1;AES256
33663334353331643930643465616130333734343736386162313864373835363866623331653039
3465333632343731346137326261636239326465643130610a376631663165643139373435666531
63313661366464363137326665616133663535626539383836353163383036663633313761646539
3336333538613831300a323937636530396464393936666665316337356263366233323763666532
63666432323664303034623266643430613466333935383963343638363964393163653162656537
38323766323361333566346139333161663937303361303038393137666634313635313437653538
34346134333339653265636165613232326565663739303331633430656637303864373730383633
37663865333833643231313539623532623134303739316465626439363535313835343565353239
37646563623230663537303039373939373161393566616365363063326433303837313630623737
32366361353730386431623966663933396430303166393365313031376538303938646463333532
32363139623736666164316534333364646566623837383262653934393433653662653662333162
63336236353066656435626233316536623665366261363566613965303732636562376639306537
3839
